                               SARIMAX Results                                
==============================================================================
Dep. Variable:                  Close   No. Observations:                  756
Model:               ARIMA(1, 1, 240)   Log Likelihood               -1692.607
Date:                Fri, 23 Feb 2024   AIC                           3869.214
Time:                        19:17:19   BIC                           4988.880
Sample:                             0   HQIC                          4300.511
                                - 756                                         
Covariance Type:                  opg                                         
==============================================================================
                 coef    std err          z      P>|z|      [0.025      0.975]
------------------------------------------------------------------------------
ar.L1          0.0381      1.111      0.034      0.973      -2.140       2.216
ma.L1         -0.0970      1.543     -0.063      0.950      -3.120       2.926
ma.L2         -0.0407      0.903     -0.045      0.964      -1.810       1.729
ma.L3          0.0043      0.799      0.005      0.996      -1.561       1.570
ma.L4          0.0081      0.934      0.009      0.993      -1.823       1.839
ma.L5          0.0556      0.939      0.059      0.953      -1.785       1.896
ma.L6         -0.0273      0.921     -0.030      0.976      -1.832       1.777
ma.L7          0.0447      0.946      0.047      0.962      -1.810       1.899
ma.L8         -0.0745      0.838     -0.089      0.929      -1.718       1.569
ma.L9          0.0357      0.829      0.043      0.966      -1.589       1.660
ma.L10        -0.0065      0.734     -0.009      0.993      -1.445       1.432
ma.L11         0.0909      0.904      0.101      0.920      -1.680       1.862
ma.L12        -0.0387      1.020     -0.038      0.970      -2.039       1.961
ma.L13        -0.0018      1.000     -0.002      0.999      -1.961       1.958
ma.L14        -0.0159      0.924     -0.017      0.986      -1.827       1.795
ma.L15        -0.0125      0.878     -0.014      0.989      -1.733       1.708
ma.L16         0.0499      0.829      0.060      0.952      -1.576       1.675
ma.L17        -0.0199      0.750     -0.026      0.979      -1.491       1.451
ma.L18         0.0696      0.809      0.086      0.931      -1.515       1.655
ma.L19        -0.0160      0.996     -0.016      0.987      -1.969       1.937
ma.L20        -0.0657      0.928     -0.071      0.944      -1.884       1.752
ma.L21         0.0369      0.790      0.047      0.963      -1.511       1.585
ma.L22        -0.0490      0.816     -0.060      0.952      -1.649       1.551
ma.L23         0.0235      0.835      0.028      0.978      -1.612       1.659
ma.L24        -0.0474      0.849     -0.056      0.955      -1.711       1.617
ma.L25         0.0064      0.751      0.009      0.993      -1.466       1.479
ma.L26        -0.0388      0.896     -0.043      0.965      -1.794       1.717
ma.L27         0.0967      0.880      0.110      0.912      -1.628       1.822
ma.L28        -0.0252      0.856     -0.029      0.976      -1.703       1.653
ma.L29        -0.0625      0.786     -0.079      0.937      -1.603       1.478
ma.L30         0.0029      0.783      0.004      0.997      -1.532       1.538
ma.L31        -0.0105      0.948     -0.011      0.991      -1.869       1.848
ma.L32         0.1000      0.870      0.115      0.909      -1.606       1.806
ma.L33        -0.1047      0.767     -0.136      0.891      -1.608       1.399
ma.L34         0.0787      0.801      0.098      0.922      -1.491       1.648
ma.L35        -0.0521      0.797     -0.065      0.948      -1.614       1.509
ma.L36         0.0165      0.825      0.020      0.984      -1.601       1.634
ma.L37         0.0339      0.768      0.044      0.965      -1.471       1.539
ma.L38         0.0280      0.815      0.034      0.973      -1.570       1.626
ma.L39        -0.0258      0.828     -0.031      0.975      -1.648       1.597
ma.L40        -0.0309      0.826     -0.037      0.970      -1.650       1.588
ma.L41        -0.0560      0.593     -0.094      0.925      -1.218       1.106
ma.L42         0.0833      0.691      0.121      0.904      -1.272       1.438
ma.L43        -0.0186      0.774     -0.024      0.981      -1.536       1.499
ma.L44        -0.0557      0.727     -0.077      0.939      -1.480       1.369
ma.L45         0.0835      0.851      0.098      0.922      -1.584       1.751
ma.L46        -0.0260      0.769     -0.034      0.973      -1.533       1.481
ma.L47         0.0360      0.839      0.043      0.966      -1.607       1.679
ma.L48         0.0631      0.798      0.079      0.937      -1.501       1.628
ma.L49        -0.0758      0.617     -0.123      0.902      -1.285       1.133
ma.L50         0.0381      0.796      0.048      0.962      -1.523       1.599
ma.L51        -0.0749      0.967     -0.077      0.938      -1.971       1.821
ma.L52         0.0127      0.777      0.016      0.987      -1.510       1.535
ma.L53         0.0687      0.710      0.097      0.923      -1.323       1.461
ma.L54         0.1072      0.807      0.133      0.894      -1.474       1.688
ma.L55        -0.1027      0.796     -0.129      0.897      -1.662       1.457
ma.L56        -0.0839      0.761     -0.110      0.912      -1.576       1.408
ma.L57        -0.0009      0.818     -0.001      0.999      -1.605       1.603
ma.L58        -0.0408      0.815     -0.050      0.960      -1.639       1.557
ma.L59         0.0292      0.964      0.030      0.976      -1.861       1.919
ma.L60         0.0533      0.654      0.081      0.935      -1.229       1.336
ma.L61        -0.0226      0.774     -0.029      0.977      -1.539       1.494
ma.L62        -0.1254      0.846     -0.148      0.882      -1.785       1.534
ma.L63         0.1325      0.946      0.140      0.889      -1.721       1.986
ma.L64        -0.0131      0.791     -0.017      0.987      -1.563       1.537
ma.L65        -0.0466      0.710     -0.066      0.948      -1.438       1.345
ma.L66         0.0303      0.778      0.039      0.969      -1.496       1.556
ma.L67        -0.0363      0.823     -0.044      0.965      -1.649       1.577
ma.L68         0.0430      0.705      0.061      0.951      -1.339       1.425
ma.L69         0.0037      0.762      0.005      0.996      -1.490       1.497
ma.L70        -0.0195      0.874     -0.022      0.982      -1.733       1.694
ma.L71        -0.0197      0.773     -0.026      0.980      -1.534       1.495
ma.L72         0.0437      0.701      0.062      0.950      -1.330       1.417
ma.L73         0.0467      0.651      0.072      0.943      -1.229       1.322
ma.L74         0.0038      0.734      0.005      0.996      -1.435       1.442
ma.L75        -0.0094      0.710     -0.013      0.989      -1.401       1.383
ma.L76         0.0093      0.725      0.013      0.990      -1.411       1.430
ma.L77         0.0945      0.733      0.129      0.897      -1.342       1.531
ma.L78         0.0115      0.765      0.015      0.988      -1.487       1.510
ma.L79         0.0569      0.716      0.079      0.937      -1.347       1.461
ma.L80        -0.0303      0.642     -0.047      0.962      -1.288       1.227
ma.L81         0.0664      0.681      0.098      0.922      -1.267       1.400
ma.L82         0.0980      0.798      0.123      0.902      -1.466       1.662
ma.L83         0.0083      0.823      0.010      0.992      -1.604       1.621
ma.L84        -0.0277      0.715     -0.039      0.969      -1.429       1.373
ma.L85        -0.0922      0.783     -0.118      0.906      -1.627       1.442
ma.L86        -0.0001      0.766     -0.000      1.000      -1.502       1.501
ma.L87         0.0405      0.654      0.062      0.951      -1.241       1.322
ma.L88         0.0775      0.676      0.115      0.909      -1.247       1.402
ma.L89         0.0271      0.841      0.032      0.974      -1.622       1.676
ma.L90        -0.1527      0.831     -0.184      0.854      -1.781       1.476
ma.L91         0.0054      0.655      0.008      0.993      -1.279       1.290
ma.L92         0.0808      0.559      0.145      0.885      -1.014       1.176
ma.L93        -0.1163      0.711     -0.164      0.870      -1.509       1.276
ma.L94        -0.1149      0.697     -0.165      0.869      -1.480       1.251
ma.L95        -0.0306      0.667     -0.046      0.963      -1.339       1.277
ma.L96         0.0406      0.740      0.055      0.956      -1.410       1.491
ma.L97         0.0334      0.770      0.043      0.965      -1.476       1.543
ma.L98         0.0293      0.642      0.046      0.964      -1.228       1.287
ma.L99         0.0464      0.616      0.075      0.940      -1.161       1.254
ma.L100        0.0902      0.712      0.127      0.899      -1.306       1.486
ma.L101        0.0256      0.797      0.032      0.974      -1.537       1.589
ma.L102       -0.0163      0.819     -0.020      0.984      -1.622       1.589
ma.L103        0.0782      0.756      0.103      0.918      -1.404       1.560
ma.L104       -0.0028      0.795     -0.003      0.997      -1.561       1.556
ma.L105       -0.1338      0.721     -0.185      0.853      -1.548       1.280
ma.L106        0.1369      0.753      0.182      0.856      -1.339       1.613
ma.L107       -0.0862      0.733     -0.117      0.906      -1.524       1.351
ma.L108        0.0134      0.680      0.020      0.984      -1.320       1.347
ma.L109       -0.0349      0.733     -0.048      0.962      -1.472       1.402
ma.L110        0.0533      0.628      0.085      0.932      -1.177       1.284
ma.L111       -0.1157      0.593     -0.195      0.845      -1.278       1.047
ma.L112        0.0815      0.586      0.139      0.889      -1.067       1.230
ma.L113       -0.0928      0.683     -0.136      0.892      -1.431       1.246
ma.L114        0.0142      0.678      0.021      0.983      -1.314       1.342
ma.L115        0.0050      0.693      0.007      0.994      -1.353       1.363
ma.L116        0.0938      0.644      0.146      0.884      -1.169       1.357
ma.L117        0.0574      0.767      0.075      0.940      -1.445       1.560
ma.L118        0.0881      0.606      0.145      0.884      -1.099       1.275
ma.L119        0.0364      0.680      0.054      0.957      -1.297       1.370
ma.L120        0.0293      0.812      0.036      0.971      -1.562       1.621
ma.L121        0.0156      0.792      0.020      0.984      -1.536       1.567
ma.L122       -0.0493      0.761     -0.065      0.948      -1.541       1.443
ma.L123       -0.0288      0.712     -0.040      0.968      -1.424       1.366
ma.L124       -0.0143      0.697     -0.021      0.984      -1.380       1.351
ma.L125        0.0061      0.629      0.010      0.992      -1.228       1.240
ma.L126       -0.0832      0.583     -0.143      0.887      -1.227       1.060
ma.L127        0.0035      0.701      0.005      0.996      -1.371       1.378
ma.L128        0.0874      0.713      0.123      0.902      -1.309       1.484
ma.L129       -0.1100      0.682     -0.161      0.872      -1.448       1.228
ma.L130        0.0415      0.683      0.061      0.952      -1.297       1.380
ma.L131        0.0081      0.597      0.013      0.989      -1.162       1.178
ma.L132       -0.0704      0.551     -0.128      0.898      -1.151       1.010
ma.L133        0.1651      0.785      0.210      0.833      -1.373       1.703
ma.L134        0.0135      0.807      0.017      0.987      -1.569       1.596
ma.L135       -0.0324      0.686     -0.047      0.962      -1.376       1.312
ma.L136       -0.0476      0.728     -0.065      0.948      -1.475       1.379
ma.L137        0.0508      0.715      0.071      0.943      -1.350       1.452
ma.L138       -0.0632      0.720     -0.088      0.930      -1.474       1.347
ma.L139        0.0431      0.684      0.063      0.950      -1.297       1.383
ma.L140       -0.1554      0.772     -0.201      0.840      -1.668       1.358
ma.L141       -0.1138      0.782     -0.146      0.884      -1.647       1.419
ma.L142        0.0901      0.655      0.137      0.891      -1.194       1.375
ma.L143       -0.1012      0.673     -0.150      0.880      -1.421       1.218
ma.L144        0.0875      0.596      0.147      0.883      -1.080       1.255
ma.L145        0.0323      0.565      0.057      0.954      -1.076       1.141
ma.L146        0.0536      0.647      0.083      0.934      -1.215       1.322
ma.L147        0.0048      0.722      0.007      0.995      -1.411       1.421
ma.L148        0.0451      0.679      0.066      0.947      -1.286       1.377
ma.L149        0.0683      0.759      0.090      0.928      -1.419       1.556
ma.L150       -0.0113      0.666     -0.017      0.987      -1.317       1.294
ma.L151       -0.0300      0.549     -0.055      0.956      -1.107       1.047
ma.L152       -0.0225      0.585     -0.038      0.969      -1.169       1.124
ma.L153        0.1068      0.668      0.160      0.873      -1.202       1.416
ma.L154        0.0831      0.794      0.105      0.917      -1.474       1.640
ma.L155        0.0385      0.772      0.050      0.960      -1.475       1.551
ma.L156        0.0425      0.715      0.060      0.953      -1.358       1.444
ma.L157       -0.0316      0.681     -0.046      0.963      -1.367       1.304
ma.L158       -0.0083      0.642     -0.013      0.990      -1.266       1.249
ma.L159        0.0371      0.644      0.058      0.954      -1.224       1.299
ma.L160        0.0712      0.818      0.087      0.931      -1.531       1.674
ma.L161       -0.1153      0.740     -0.156      0.876      -1.566       1.336
ma.L162        0.1240      0.684      0.181      0.856      -1.216       1.464
ma.L163        0.1016      0.559      0.182      0.856      -0.995       1.198
ma.L164        0.0473      0.586      0.081      0.936      -1.101       1.196
ma.L165        0.0369      0.609      0.061      0.952      -1.158       1.231
ma.L166       -0.0485      0.634     -0.077      0.939      -1.291       1.194
ma.L167       -0.0260      0.715     -0.036      0.971      -1.427       1.375
ma.L168       -0.0807      0.632     -0.128      0.898      -1.320       1.159
ma.L169        0.0228      0.558      0.041      0.967      -1.071       1.117
ma.L170       -0.1013      0.576     -0.176      0.860      -1.230       1.028
ma.L171        0.0191      0.645      0.030      0.976      -1.244       1.282
ma.L172        0.0834      0.698      0.120      0.905      -1.284       1.451
ma.L173        0.0037      0.715      0.005      0.996      -1.398       1.405
ma.L174       -0.1365      0.616     -0.222      0.825      -1.343       1.071
ma.L175        0.0810      0.572      0.142      0.887      -1.041       1.203
ma.L176        0.0725      0.596      0.122      0.903      -1.096       1.241
ma.L177        0.0331      0.591      0.056      0.955      -1.125       1.191
ma.L178       -0.0891      0.621     -0.143      0.886      -1.306       1.128
ma.L179        0.0295      0.663      0.044      0.965      -1.270       1.329
ma.L180        0.0007      0.560      0.001      0.999      -1.096       1.097
ma.L181       -0.0619      0.582     -0.106      0.915      -1.203       1.079
ma.L182       -0.0358      0.512     -0.070      0.944      -1.039       0.967
ma.L183        0.0172      0.525      0.033      0.974      -1.012       1.046
ma.L184        0.1850      0.568      0.326      0.745      -0.928       1.298
ma.L185       -0.0376      0.628     -0.060      0.952      -1.269       1.194
ma.L186       -0.1309      0.545     -0.240      0.810      -1.200       0.938
ma.L187       -0.0134      0.569     -0.024      0.981      -1.128       1.101
ma.L188       -0.0161      0.550     -0.029      0.977      -1.095       1.063
ma.L189       -0.0515      0.535     -0.096      0.923      -1.100       0.997
ma.L190       -0.0440      0.490     -0.090      0.928      -1.004       0.916
ma.L191       -0.0032      0.606     -0.005      0.996      -1.192       1.185
ma.L192       -0.0940      0.654     -0.144      0.886      -1.376       1.188
ma.L193       -0.0139      0.580     -0.024      0.981      -1.151       1.123
ma.L194       -0.0650      0.544     -0.119      0.905      -1.132       1.002
ma.L195       -0.0453      0.482     -0.094      0.925      -0.990       0.899
ma.L196        0.0586      0.555      0.105      0.916      -1.029       1.146
ma.L197       -0.0279      0.465     -0.060      0.952      -0.939       0.883
ma.L198        0.0879      0.529      0.166      0.868      -0.948       1.124
ma.L199        0.0987      0.485      0.204      0.839      -0.852       1.049
ma.L200        0.1023      0.548      0.187      0.852      -0.971       1.176
ma.L201       -0.0601      0.509     -0.118      0.906      -1.057       0.937
ma.L202        0.0069      0.497      0.014      0.989      -0.967       0.981
ma.L203       -0.0298      0.477     -0.062      0.950      -0.965       0.906
ma.L204       -0.0763      0.525     -0.145      0.885      -1.106       0.953
ma.L205       -0.0452      0.503     -0.090      0.928      -1.032       0.942
ma.L206       -0.0611      0.481     -0.127      0.899      -1.004       0.882
ma.L207        0.1531      0.523      0.293      0.770      -0.871       1.178
ma.L208       -0.1469      0.510     -0.288      0.773      -1.147       0.854
ma.L209       -0.0152      0.434     -0.035      0.972      -0.865       0.835
ma.L210       -0.0842      0.428     -0.197      0.844      -0.924       0.756
ma.L211        0.0245      0.488      0.050      0.960      -0.933       0.982
ma.L212       -0.0996      0.453     -0.220      0.826      -0.987       0.788
ma.L213       -0.0932      0.488     -0.191      0.848      -1.049       0.862
ma.L214       -0.0409      0.412     -0.099      0.921      -0.849       0.768
ma.L215       -0.0869      0.379     -0.229      0.819      -0.830       0.657
ma.L216        0.0648      0.472      0.137      0.891      -0.860       0.990
ma.L217       -0.0313      0.463     -0.068      0.946      -0.939       0.876
ma.L218       -0.0899      0.434     -0.207      0.836      -0.941       0.762
ma.L219        0.0169      0.386      0.044      0.965      -0.739       0.773
ma.L220       -0.0644      0.400     -0.161      0.872      -0.849       0.720
ma.L221       -0.0663      0.387     -0.171      0.864      -0.825       0.692
ma.L222        0.0222      0.424      0.052      0.958      -0.809       0.853
ma.L223       -0.0830      0.449     -0.185      0.853      -0.963       0.797
ma.L224        0.1664      0.476      0.350      0.726      -0.766       1.099
ma.L225        0.0659      0.383      0.172      0.864      -0.685       0.817
ma.L226        0.1919      0.416      0.461      0.645      -0.624       1.008
ma.L227       -0.2000      0.498     -0.402      0.688      -1.175       0.775
ma.L228       -0.0901      0.323     -0.279      0.780      -0.724       0.543
ma.L229       -0.0150      0.306     -0.049      0.961      -0.615       0.585
ma.L230        0.0467      0.260      0.180      0.857      -0.462       0.556
ma.L231        0.0936      0.283      0.331      0.740      -0.461       0.648
ma.L232        0.0088      0.258      0.034      0.973      -0.496       0.514
ma.L233        0.0411      0.250      0.164      0.870      -0.449       0.531
ma.L234       -0.0515      0.258     -0.199      0.842      -0.557       0.454
ma.L235        0.0072      0.293      0.025      0.980      -0.567       0.582
ma.L236        0.2017      0.311      0.649      0.516      -0.407       0.811
ma.L237        0.0458      0.270      0.169      0.866      -0.484       0.576
ma.L238       -0.0516      0.152     -0.339      0.734      -0.349       0.246
ma.L239        0.0324      0.146      0.221      0.825      -0.254       0.319
ma.L240       -0.0908      0.152     -0.598      0.550      -0.389       0.207
sigma2         3.8181      4.561      0.837      0.403      -5.121      12.758
===================================================================================
Ljung-Box (L1) (Q):                   0.00   Jarque-Bera (JB):                28.74
Prob(Q):                              0.98   Prob(JB):                         0.00
Heteroskedasticity (H):               1.46   Skew:                            -0.05
Prob(H) (two-sided):                  0.00   Kurtosis:                         3.95
===================================================================================

Warnings:
[1] Covariance matrix calculated using the outer product of gradients (complex-step).
